plate	row	1	2	3	4	5	6	7	8	9	10	11	12
365	A	1	1	1	1	1	1	1	1	-1	1	-1	-1
365	B	1	1	1	-1	1	1	1	1	1	0	-1	1
365	C	1	1	1	0	1	1	1	1	1	1	1	1
365	D	1	1	1	1	1	1	1	0	1	-1	1	-1
365	E	1	1	0	0	1	1	1	1	-1	1	1	1
365	F	0	1	1	1	-1	1	-1	1	1	1	-1	1
365	G	1	0	1	1	-1	1	1	1	1	1	1	1
365	H	1	0	0	0	-1	-1	1	1	1	1	0	1
366	A	1	1	1	1	1	1	1	1	0	1	1	1
366	B	1	-1	1	-1	1	1	1	1	1	1	1	1
366	C	0	1	1	1	0	1	1	1	1	1	1	1
366	D	1	1	1	1	1	1	1	1	-1	-1	1	1
366	E	1	-1	1	-1	1	1	1	1	1	1	1	1
366	F	-1	1	0	1	1	1	1	1	1	1	1	-1
366	G	1	1	1	1	1	1	-1	0	1	1	1	1
366	H	1	-1	1	1	1	1	1	-1	-1	1	1	1
373	A	1	1	1	1	1	1	1	0	-1	1	1	1
373	B	0	0	0	1	1	1	1	0	1	1	1	1
373	C	1	0	1	0	1	-1	1	0	1	1	1	1
373	D	0	-1	1	0	0	1	1	1	1	1	1	1
373	E	1	1	1	1	1	1	1	1	1	1	0	1
373	F	1	1	1	1	1	1	1	1	1	1	1	1
373	G	1	1	-1	1	1	1	-1	1	1	0	1	1
373	H	1	1	-1	1	1	1	1	1	1	-1	1	1
375	A	1	1	0	1	1	1	1	1	1	1	1	1
375	B	0	1	1	1	1	1	1	1	1	1	1	0
375	C	0	1	0	0	1	0	0	1	1	-1	0	0
375	D	-1	1	0	1	1	1	1	0	1	-1	1	1
375	E	1	1	1	1	1	1	1	1	1	1	1	0
375	F	1	1	1	1	1	1	1	1	1	1	1	0
375	G	1	0	1	-1	1	0	0	1	0	1	0	1
375	H	1	1	1	1	1	1	0	-1	0	1	1	1
378	A	1	1	1	1	1	1	1	1	1	1	1	1
378	B	1	1	1	1	1	1	1	1	1	1	1	1
378	C	0	1	1	1	0	1	1	0	1	0	0	1
378	D	-1	1	1	1	1	1	1	0	1	1	0	1
378	E	1	1	0	1	1	1	1	1	1	1	1	1
378	F	1	1	1	1	1	1	1	0	-1	1	1	-1
378	G	1	1	1	1	1	0	1	1	1	1	0	1
378	H	1	0	1	1	1	0	1	0	1	1	1	1
379	A	0	0	0	1	0	1	0	0	0	1	0	1
379	B	1	0	0	0	0	1	0	1	0	1	1	0
379	C	0	1	1	0	1	1	0	0	0	0	0	1
379	D	1	1	1	1	1	1	1	0	1	1	0	0
379	E	0	0	1	0	0	0	0	1	1	1	1	1
379	F	1	1	1	1	1	1	1	-1	0	0	0	1
379	G	1	1	0	1	0	0	1	1	1	1	0	0
379	H	0	0	0	1	1	1	1	1	1	1	1	0
381	A	1	1	1	1	1	1	1	1	1	1	-1	-1
381	B	1	0	1	1	1	1	1	1	1	1	1	-1
381	C	1	1	1	1	0	1	1	1	1	1	1	-1
381	D	1	0	1	1	0	1	1	1	1	0	0	-1
381	E	1	1	1	1	1	1	1	0	1	-1	1	-1
381	F	1	1	1	1	1	0	1	0	0	-1	0	-1
381	G	0	1	1	1	1	1	1	1	1	1	-1	-1
381	H	1	0	1	1	1	1	1	1	1	1	-1	-1
382	A	1	0	-1	-1	-1	-1	-1	-1	-1	1	1	-1
382	B	1	1	1	-1	1	1	0	-1	1	-1	-1	-1
382	C	-1	-1	1	1	-1	-1	-1	0	1	-1	-1	1
382	D	1	1	-1	1	-1	-1	-1	0	1	-1	-1	-1
382	E	1	-1	0	-1	0	-1	-1	-1	-1	1	0	-1
382	F	-1	-1	0	1	-1	0	-1	0	-1	1	1	-1
382	G	-1	-1	-1	-1	-1	-1	-1	-1	1	-1	-1	-1
382	H	-1	-1	1	-1	-1	-1	-1	1	1	-1	1	-1
383	A	-1	-1	-1	1	-1	0	1	-1	-1	-1	-1	-1
383	B	1	1	1	0	1	-1	0	1	-1	1	-1	-1
383	C	1	-1	1	-1	-1	-1	-1	-1	1	1	1	-1
383	D	-1	-1	0	1	1	1	-1	0	-1	-1	1	-1
383	E	1	-1	-1	-1	1	0	1	0	-1	1	-1	-1
383	F	-1	-1	-1	1	1	1	-1	-1	-1	-1	-1	0
383	G	-1	-1	-1	-1	1	-1	0	-1	-1	1	-1	-1
383	H	-1	1	1	0	1	-1	-1	1	1	-1	-1	1
214	A	1	1	1	1	1	1	1	-1	1	1	1	1
214	B	1	-1	1	1	1	1	1	1	1	1	-1	1
214	C	1	1	1	1	1	1	1	1	1	1	1	1
214	D	1	1	1	-1	-1	1	1	1	1	1	1	1
214	E	1	1	1	1	-1	1	1	1	1	1	-1	1
214	F	1	1	1	1	1	1	1	1	1	1	1	1
214	G	1	1	1	1	1	1	1	-1	1	1	1	1
214	H	1	1	0	1	1	1	-1	1	1	1	0	1
369	A	1	1	1	1	-1	1	1	1	1	1	1	1
369	B	1	1	1	1	1	1	1	1	1	1	1	1
369	C	1	1	1	1	1	-1	1	1	1	1	1	1
369	D	-1	-1	1	1	1	1	1	1	1	0	1	1
369	E	1	1	1	1	1	1	1	1	1	1	1	1
369	F	1	1	1	0	0	1	-1	1	1	1	1	1
369	G	1	1	1	1	1	1	1	1	1	1	1	1
369	H	1	1	-1	1	1	1	1	1	1	1	1	1
199	A	1	1	1	1	1	-1	1	-1	1	1	1	1
199	B	0	1	1	1	-1	1	1	-1	1	1	1	1
199	C	1	-1	1	1	1	1	1	1	1	1	1	1
199	D	1	-1	-1	1	1	1	-1	1	1	0	1	1
199	E	1	1	1	1	1	1	1	1	1	1	1	-1
199	F	-1	1	1	1	1	1	1	1	1	1	-1	-1
199	G	-1	-1	-1	1	1	1	1	1	1	1	-1	1
199	H	1	1	1	1	-1	0	1	1	1	1	1	1
158	A	1	1	1	1	1	1	1	-1	1	1	1	1
158	B	1	1	1	1	1	1	1	1	-1	1	1	1
158	C	1	1	1	1	1	1	1	1	1	1	1	1
158	D	1	1	1	1	1	1	1	1	1	1	1	1
158	E	1	1	1	1	1	1	1	1	1	1	1	1
158	F	1	1	1	1	1	1	1	1	1	1	1	1
158	G	1	1	1	1	1	1	1	1	1	1	1	0
158	H	1	0	1	1	1	1	1	1	1	1	1	0
346	A	-1	-1	-1	1	-1	-1	-1	-1	-1	-1	-1	-1
346	B	-1	-1	-1	-1	1	1	-1	-1	-1	1	-1	-1
346	C	-1	-1	-1	-1	-1	-1	-1	-1	-1	-1	-1	-1
346	D	-1	-1	1	1	-1	-1	-1	1	-1	-1	-1	-1
346	E	-1	-1	-1	0	-1	-1	1	-1	-1	-1	-1	-1
346	F	-1	-1	-1	-1	-1	-1	-1	1	0	-1	-1	-1
346	G	-1	-1	-1	-1	1	-1	-1	1	-1	-1	-1	-1
346	H	0	-1	-1	-1	-1	-1	-1	-1	1	-1	-1	-1
372	A	1	1	1	1	1	1	1	1	1	1	1	1
372	B	1	1	1	1	1	1	1	1	1	1	1	1
372	C	1	1	1	1	1	1	1	1	0	1	1	1
372	D	1	1	1	1	1	-1	1	1	1	1	1	1
372	E	1	1	1	1	1	1	1	1	1	1	1	1
372	F	1	1	1	1	1	1	1	1	1	1	0	1
372	G	1	1	1	1	1	1	1	1	1	1	1	1
372	H	1	1	1	1	1	1	0	1	1	1	-1	-1
215	A	1	1	-1	1	1	1	-1	-1	1	1	1	1
215	B	1	1	-1	1	-1	-1	1	1	1	1	1	1
215	C	1	1	1	1	1	1	1	1	1	1	1	1
215	D	1	1	1	1	1	0	1	-1	1	1	1	1
215	E	1	1	1	1	1	1	1	-1	1	-1	1	1
215	F	1	1	1	1	1	1	-1	-1	1	1	1	-1
215	G	1	1	1	-1	1	1	-1	1	1	1	1	1
215	H	1	1	1	1	1	1	1	1	1	1	1	1
344	A	-1	-1	-1	-1	-1	-1	-1	-1	-1	-1	-1	-1
344	B	-1	-1	-1	-1	-1	-1	1	-1	-1	1	-1	0
344	C	-1	-1	-1	1	-1	0	-1	-1	-1	-1	1	1
344	D	1	1	1	0	1	-1	-1	-1	1	-1	1	-1
344	E	-1	1	-1	-1	-1	-1	-1	1	-1	-1	-1	-1
344	F	-1	-1	-1	-1	-1	-1	-1	-1	0	1	-1	-1
344	G	-1	-1	-1	0	-1	-1	1	-1	-1	-1	-1	-1
344	H	-1	-1	-1	-1	-1	-1	-1	-1	0	-1	-1	-1
157	A	0	1	1	1	1	1	1	1	1	1	1	1
157	B	1	1	0	1	1	1	1	1	0	1	1	1
157	C	0	1	1	1	1	1	1	1	1	1	1	1
157	D	1	1	0	1	1	1	1	1	1	-1	1	1
157	E	1	1	1	1	1	1	1	1	1	1	1	1
157	F	1	1	1	1	1	1	1	1	1	1	1	1
157	G	1	1	1	1	1	1	1	1	1	1	1	1
157	H	1	1	1	1	1	1	1	1	1	1	1	1
349	A	-1	-1	-1	-1	-1	1	1	-1	1	1	-1	1
349	B	-1	1	-1	1	-1	-1	1	-1	-1	-1	1	-1
349	C	-1	-1	1	0	-1	1	1	-1	1	-1	-1	1
349	D	-1	1	-1	-1	-1	1	-1	1	-1	1	-1	1
349	E	-1	1	-1	-1	-1	-1	-1	-1	-1	1	-1	-1
349	F	1	-1	-1	-1	1	1	1	-1	1	-1	1	1
349	G	0	-1	-1	-1	1	-1	0	-1	-1	1	1	1
349	H	-1	-1	-1	-1	-1	-1	-1	-1	-1	-1	-1	-1
348	A	1	1	-1	1	1	1	-1	-1	-1	1	-1	-1
348	B	1	1	-1	-1	-1	-1	-1	1	-1	0	-1	1
348	C	-1	-1	-1	-1	1	-1	1	-1	-1	-1	1	-1
348	D	1	-1	-1	-1	-1	-1	-1	-1	-1	-1	0	-1
348	E	1	-1	-1	-1	-1	-1	-1	-1	-1	-1	-1	1
348	F	-1	-1	-1	-1	0	-1	1	-1	1	-1	1	-1
348	G	-1	1	-1	1	-1	-1	1	1	1	-1	1	-1
348	H	1	1	0	-1	-1	-1	-1	1	-1	1	-1	-1
160	A	1	1	1	1	1	1	1	1	1	1	1	1
160	B	1	1	1	1	1	1	1	1	0	1	0	1
160	C	1	1	1	1	1	1	1	1	0	1	1	1
160	D	1	1	1	1	1	1	-1	1	0	1	-1	1
160	E	1	1	1	1	1	1	1	1	1	1	1	1
160	F	1	1	1	0	1	0	1	1	1	1	1	1
160	G	1	1	1	1	1	1	1	1	1	1	1	1
160	H	1	1	1	1	1	1	1	1	1	1	1	1
347	A	-1	1	0	-1	-1	-1	-1	1	-1	0	-1	-1
347	B	-1	1	-1	-1	1	-1	1	-1	0	-1	-1	0
347	C	-1	-1	-1	-1	-1	-1	-1	-1	0	0	1	1
347	D	1	-1	-1	-1	-1	1	-1	-1	1	1	-1	1
347	E	-1	-1	-1	-1	-1	-1	-1	-1	-1	1	-1	-1
347	F	1	-1	-1	-1	1	1	-1	1	1	-1	-1	-1
347	G	-1	-1	-1	0	-1	1	-1	-1	1	1	0	-1
347	H	-1	-1	-1	-1	-1	1	-1	1	-1	-1	1	-1
370	A	0	0	1	1	1	1	0	1	1	1	1	1
370	B	1	1	1	1	1	1	1	1	1	1	1	1
370	C	1	1	1	1	1	1	1	1	1	1	1	1
370	D	1	1	1	1	1	1	1	1	1	1	1	1
370	E	1	1	1	1	-1	1	1	1	1	1	1	-1
370	F	1	1	1	1	1	1	1	1	1	1	1	1
370	G	1	1	1	0	1	1	1	1	1	1	1	1
370	H	0	1	1	1	1	1	1	1	1	1	1	1
367	A	1	1	-1	1	1	1	1	1	-1	1	1	1
367	B	1	0	0	1	1	1	1	1	1	1	1	1
367	C	1	0	1	1	0	1	1	1	1	1	1	1
367	D	1	1	1	1	1	1	1	1	1	1	1	1
367	E	1	1	1	1	1	1	1	1	1	1	1	1
367	F	1	1	1	1	1	-1	1	1	1	1	1	-1
367	G	0	1	1	1	1	1	1	1	1	1	1	1
367	H	1	1	1	1	0	1	1	1	1	1	1	1
153	A	1	1	1	1	1	1	1	1	1	1	1	1
153	B	1	1	1	1	1	1	1	1	1	0	1	1
153	C	1	1	1	1	1	1	1	1	0	1	1	1
153	D	1	1	1	1	1	0	1	0	1	1	1	1
153	E	1	1	1	1	0	1	0	0	1	0	1	1
153	F	1	1	1	1	1	1	1	1	1	1	1	1
153	G	1	1	1	1	1	1	1	1	1	1	1	1
153	H	1	1	1	1	1	1	1	1	1	1	1	1
371	A	1	1	1	1	1	0	1	1	1	-1	1	1
371	B	1	1	1	1	1	1	1	1	1	1	1	1
371	C	1	1	1	1	1	1	1	1	1	1	1	1
371	D	1	1	-1	0	1	1	1	1	1	1	1	1
371	E	1	0	1	-1	1	1	1	1	1	1	1	1
371	F	1	1	1	1	1	1	1	1	1	1	1	1
371	G	1	1	1	1	1	1	1	1	1	1	1	1
371	H	1	1	1	1	-1	0	1	1	1	-1	1	1
368	A	1	1	1	1	1	1	1	1	1	1	1	1
368	B	1	1	0	1	0	1	1	1	1	1	1	0
368	C	1	1	1	1	1	1	1	1	1	1	1	1
368	D	1	0	1	1	1	1	1	1	1	1	1	1
368	E	1	1	0	1	1	1	1	1	1	1	1	1
368	F	1	1	1	0	1	1	1	1	1	0	-1	1
368	G	1	1	1	1	1	1	1	1	1	0	1	1
368	H	1	1	1	1	1	1	1	1	1	1	1	1
198	A	1	-1	1	1	1	1	1	0	1	1	1	1
198	B	1	1	1	-1	-1	1	1	1	1	1	1	1
198	C	1	1	0	-1	1	1	1	-1	0	-1	1	1
198	D	-1	0	1	1	1	-1	1	1	1	1	1	1
198	E	1	1	1	1	1	1	1	1	1	1	1	1
198	F	1	1	1	1	1	0	1	1	1	1	1	1
198	G	-1	1	1	1	1	1	1	1	1	1	1	1
198	H	1	1	-1	1	0	-1	1	1	-1	1	1	1
159	A	1	1	1	1	1	1	1	1	1	1	1	0
159	B	1	1	1	1	1	1	1	1	1	1	-1	-1
159	C	1	1	1	1	1	1	1	1	1	1	1	1
159	D	1	1	1	0	1	1	1	0	1	1	1	1
159	E	1	1	1	1	1	1	-1	1	1	1	1	1
159	F	1	1	1	1	1	1	1	1	0	1	1	1
159	G	1	1	1	1	1	1	1	1	1	1	1	1
159	H	1	1	1	1	1	1	1	1	0	1	1	1
207	A	1	1	1	1	1	1	1	0	1	1	1	1
207	B	1	1	1	1	1	1	1	1	1	1	1	0
207	C	1	1	1	1	1	1	1	1	1	-1	1	1
207	D	1	1	1	1	-1	1	0	1	1	0	-1	1
207	E	1	1	1	1	1	1	1	1	1	1	1	1
207	F	1	-1	0	-1	1	1	1	1	1	1	-1	1
207	G	1	1	1	1	1	1	0	-1	1	1	1	1
207	H	1	1	1	-1	1	1	1	1	1	-1	1	1
345	A	1	1	-1	1	-1	-1	-1	-1	0	-1	-1	-1
345	B	-1	-1	-1	-1	-1	1	-1	1	1	-1	-1	-1
345	C	-1	-1	0	-1	-1	-1	-1	-1	-1	-1	-1	1
345	D	-1	-1	1	-1	-1	-1	-1	-1	-1	-1	0	-1
345	E	1	-1	-1	-1	-1	1	-1	1	-1	0	-1	-1
345	F	1	-1	-1	-1	-1	-1	-1	0	-1	-1	-1	-1
345	G	-1	-1	-1	-1	1	-1	-1	-1	1	-1	-1	-1
345	H	0	-1	-1	1	0	-1	1	-1	-1	-1	1	-1
154	A	1	1	1	1	1	1	1	1	1	1	1	1
154	B	1	1	1	0	1	1	1	1	1	1	1	1
154	C	1	0	1	0	1	1	1	1	1	1	1	1
154	D	1	1	1	1	1	1	1	1	1	1	1	1
154	E	1	1	0	1	1	1	1	0	0	0	1	1
154	F	1	1	1	1	1	1	0	1	1	1	1	0
154	G	0	1	1	1	1	1	0	1	0	1	1	1
154	H	1	1	0	1	1	1	1	1	1	1	1	1
395	A	1	1	1	1	0	1	1	1	1	1	1	1
395	B	1	1	1	0	0	1	1	1	1	1	1	1
395	C	1	0	1	1	1	1	1	1	1	1	1	1
395	D	0	1	1	0	0	1	1	0	1	1	1	1
395	E	1	1	1	1	1	1	1	1	0	1	1	1
395	F	1	1	1	1	0	0	1	1	1	1	1	1
395	G	1	1	0	1	1	1	1	1	1	0	1	1
395	H	1	1	1	0	1	1	1	1	1	1	1	1
163	A	1	1	1	1	1	1	0	1	1	1	1	1
163	B	1	1	1	1	1	1	1	1	1	1	1	1
163	C	1	1	1	1	1	1	1	1	1	1	1	1
163	D	1	-1	1	1	1	1	1	1	1	1	1	1
163	E	1	1	1	1	1	1	1	1	1	1	1	1
163	F	1	1	1	1	1	1	1	1	1	1	1	1
163	G	1	0	1	1	1	1	1	-1	1	1	1	1
163	H	1	0	1	1	1	1	1	1	1	1	1	1
162	A	1	-1	1	1	1	1	1	1	1	1	1	1
162	B	1	1	1	1	1	1	1	1	1	1	1	1
162	C	1	1	1	1	1	1	1	1	1	1	1	1
162	D	1	0	1	1	1	1	1	1	1	1	1	1
162	E	1	1	1	1	1	1	1	1	1	1	1	1
162	F	1	1	1	1	1	1	1	1	0	0	1	1
162	G	1	0	1	1	1	1	1	1	1	1	1	1
162	H	1	1	1	1	1	0	1	1	1	1	1	1
351	A	-1	-1	-1	-1	-1	-1	-1	-1	0	1	-1	-1
351	B	-1	-1	1	-1	-1	-1	-1	-1	-1	1	-1	-1
351	C	-1	-1	-1	-1	-1	1	-1	-1	-1	-1	1	-1
351	D	-1	-1	-1	-1	-1	1	-1	-1	1	-1	-1	1
351	E	1	1	-1	-1	1	-1	-1	-1	1	1	-1	1
351	F	-1	-1	-1	-1	-1	1	-1	-1	-1	-1	-1	1
351	G	-1	-1	-1	-1	-1	-1	-1	1	-1	-1	-1	1
351	H	-1	-1	-1	-1	-1	-1	-1	-1	1	1	1	-1
376	A	1	1	1	0	1	1	1	1	1	1	1	1
376	B	1	0	1	1	1	-1	0	0	0	1	1	1
376	C	1	-1	1	1	1	1	1	1	1	1	1	1
376	D	1	1	1	1	1	1	1	1	1	1	1	1
376	E	1	1	1	1	1	1	1	1	1	1	1	1
376	F	1	0	1	1	1	1	1	1	-1	1	1	0
376	G	1	0	1	1	1	1	1	1	1	1	1	1
376	H	1	1	1	1	1	1	1	1	1	1	-1	1
374	A	-1	1	1	1	1	1	1	0	1	1	1	1
374	B	1	1	1	1	1	-1	0	1	1	0	0	1
374	C	1	1	1	1	1	1	1	1	1	1	1	1
374	D	1	1	1	1	1	0	1	1	1	1	1	1
374	E	1	-1	1	-1	1	0	1	1	1	0	0	1
374	F	1	1	1	1	1	0	1	1	1	1	1	1
374	G	1	1	1	0	0	1	1	1	1	0	0	1
374	H	1	1	1	1	1	1	1	1	1	1	1	1
70	A	1	1	1	1	1	-1	1	1	1	1	0	1
70	B	1	1	0	1	1	1	1	1	1	1	1	1
70	C	1	1	1	1	-1	1	1	1	1	1	1	1
70	D	1	1	1	1	1	1	-1	1	-1	1	1	1
70	E	1	0	1	1	1	1	1	1	1	1	1	1
70	F	1	1	1	1	1	1	0	1	1	1	-1	1
70	G	1	-1	1	1	-1	1	1	1	1	-1	1	1
70	H	1	1	1	0	1	1	1	1	1	1	-1	1
71	A	1	1	1	1	1	1	1	1	1	1	0	1
71	B	1	-1	1	1	1	1	1	1	1	1	-1	1
71	C	1	1	1	1	1	1	1	1	1	1	1	1
71	D	1	1	1	1	1	1	1	1	1	1	1	1
71	E	1	1	1	1	1	1	1	1	-1	1	1	1
71	F	-1	1	1	1	1	1	1	1	1	1	1	-1
71	G	-1	1	1	1	1	1	1	1	1	-1	1	1
71	H	0	-1	1	1	1	1	1	1	1	0	1	1
350	A	1	-1	1	1	-1	0	-1	0	1	-1	1	-1
350	B	-1	-1	-1	0	-1	0	-1	-1	-1	-1	1	-1
350	C	-1	-1	-1	1	-1	-1	-1	-1	-1	-1	-1	-1
350	D	1	-1	1	1	-1	-1	-1	-1	-1	1	-1	-1
350	E	-1	1	-1	-1	-1	0	1	-1	1	-1	-1	-1
350	F	-1	-1	1	-1	-1	-1	-1	-1	-1	1	-1	-1
350	G	1	-1	0	1	-1	1	-1	-1	-1	0	1	-1
350	H	-1	-1	-1	-1	-1	1	-1	-1	-1	-1	-1	-1
352	A	-1	-1	-1	-1	-1	-1	-1	-1	-1	0	-1	1
352	B	-1	-1	-1	-1	-1	-1	-1	-1	-1	1	-1	-1
352	C	0	-1	-1	-1	1	1	-1	-1	-1	-1	1	-1
352	D	-1	-1	-1	-1	-1	-1	1	-1	1	-1	-1	-1
352	E	-1	-1	-1	1	1	-1	1	-1	-1	-1	1	-1
352	F	-1	1	-1	1	1	-1	-1	-1	-1	-1	1	-1
352	G	-1	-1	-1	-1	-1	-1	1	-1	-1	-1	-1	1
352	H	-1	0	-1	-1	1	-1	-1	-1	-1	-1	1	1
72	A	1	-1	1	1	1	1	-1	-1	-1	-1	-1	-1
72	B	1	1	1	1	1	1	-1	-1	-1	-1	-1	0
72	C	1	1	1	1	1	0	0	-1	-1	-1	-1	-1
72	D	1	1	1	1	1	1	-1	-1	-1	-1	0	-1
72	E	1	1	1	1	1	1	-1	-1	-1	-1	0	-1
72	F	1	1	1	1	1	1	0	-1	-1	-1	-1	-1
72	G	1	-1	1	1	1	1	-1	-1	-1	-1	-1	-1
72	H	1	1	1	1	1	1	-1	-1	-1	-1	-1	-1
377	A	1	1	1	1	1	1	1	1	1	1	1	1
377	B	1	1	1	1	1	1	0	1	1	1	1	1
377	C	1	0	1	-1	-1	1	1	1	0	1	0	1
377	D	1	1	1	-1	1	1	1	1	0	1	1	1
377	E	1	1	1	1	1	1	1	1	1	0	0	1
377	F	0	1	1	1	1	1	1	1	1	1	0	1
377	G	1	-1	1	-1	1	1	1	1	1	1	1	1
377	H	1	1	1	-1	1	1	1	1	1	1	1	0
164	A	1	1	1	1	1	1	1	1	1	1	1	1
164	B	1	1	1	1	1	1	1	1	1	1	1	0
164	C	1	1	1	1	1	1	1	1	0	1	1	1
164	D	0	1	1	1	1	1	1	1	1	1	1	0
164	E	1	1	1	1	1	1	1	1	1	1	1	0
164	F	1	1	1	1	1	1	1	1	1	1	0	1
164	G	1	1	1	1	1	1	1	1	1	1	1	1
164	H	1	1	1	1	1	1	1	1	1	1	1	1
167	A	1	1	0	0	1	1	0	0	1	1	1	1
167	B	1	1	1	1	1	1	1	1	1	1	1	1
167	C	0	1	1	1	1	1	1	1	1	1	0	1
167	D	1	1	1	1	1	1	1	1	1	1	1	1
167	E	0	1	1	1	1	1	1	1	1	1	1	1
167	F	1	1	1	1	1	1	1	1	1	1	1	0
167	G	1	1	1	1	0	1	1	1	1	1	1	1
167	H	1	1	1	1	0	0	1	1	1	1	1	1
165	A	1	1	1	1	1	1	1	1	1	1	1	1
165	B	1	1	1	1	-1	1	1	1	1	1	1	1
165	C	1	1	1	1	1	1	1	1	1	1	1	1
165	D	1	1	1	1	1	1	1	1	1	1	1	1
165	E	1	1	1	1	1	1	1	1	1	1	1	1
165	F	1	1	1	-1	1	1	1	1	1	1	1	1
165	G	1	1	1	0	1	1	1	1	1	1	-1	1
165	H	1	1	1	1	1	1	1	1	1	1	1	1
34	A	1	-1	1	1	1	1	0	1	1	1	1	1
34	B	1	1	1	1	1	1	1	1	1	1	1	1
34	C	1	1	1	1	1	1	1	1	1	1	1	1
34	D	1	1	1	1	1	0	1	1	1	1	1	1
34	E	1	1	1	1	1	1	1	1	1	1	0	1
34	F	1	1	1	1	1	1	1	1	1	1	1	1
34	G	0	1	1	1	1	1	1	1	1	1	1	1
34	H	1	1	1	1	1	1	1	1	1	1	1	1
133	A	1	1	1	1	1	1	1	1	1	1	1	1
133	B	1	1	1	1	1	1	1	1	1	1	1	1
133	C	1	1	1	1	1	1	1	1	1	1	0	1
133	D	1	1	1	1	1	1	1	1	1	1	1	1
133	E	1	1	1	1	1	-1	0	1	1	1	1	1
133	F	1	1	1	1	1	1	1	1	1	1	1	1
133	G	1	1	1	1	1	1	1	1	1	1	1	1
133	H	1	1	1	1	1	-1	1	1	1	1	1	1
137	A	1	-1	-1	-1	-1	1	-1	-1	-1	-1	-1	1
137	B	1	-1	-1	-1	-1	-1	-1	-1	-1	-1	1	-1
137	C	-1	-1	-1	-1	-1	-1	-1	-1	-1	-1	-1	1
137	D	-1	-1	-1	-1	-1	-1	-1	-1	-1	-1	-1	-1
137	E	-1	-1	-1	1	-1	-1	-1	-1	-1	-1	-1	-1
137	F	-1	-1	-1	-1	-1	-1	-1	-1	1	-1	-1	-1
137	G	-1	-1	-1	-1	-1	1	0	-1	1	1	-1	1
137	H	1	-1	-1	-1	-1	-1	1	-1	-1	-1	-1	-1
143	A	-1	-1	-1	-1	-1	-1	-1	-1	-1	-1	-1	-1
143	B	-1	-1	-1	-1	1	-1	-1	-1	-1	-1	-1	-1
143	C	-1	-1	-1	-1	-1	1	-1	1	-1	-1	0	-1
143	D	-1	-1	-1	-1	-1	-1	-1	-1	-1	-1	-1	-1
143	E	-1	-1	1	-1	-1	-1	1	-1	-1	-1	-1	0
143	F	-1	-1	1	-1	-1	-1	-1	-1	-1	-1	-1	-1
143	G	-1	-1	-1	-1	-1	-1	-1	-1	-1	-1	-1	-1
143	H	-1	1	-1	-1	-1	-1	-1	-1	0	-1	-1	-1
25	A	1	1	1	1	1	1	1	1	1	1	1	1
25	B	1	1	1	1	1	1	1	1	1	1	1	1
25	C	1	1	1	1	1	0	1	1	1	1	1	1
25	D	0	1	1	1	1	0	1	1	1	1	1	1
25	E	1	1	1	1	1	1	1	1	1	1	0	0
25	F	1	1	1	1	1	1	1	1	1	1	1	1
25	G	1	1	1	1	1	1	1	1	1	1	1	1
25	H	1	1	1	1	1	1	1	1	1	1	1	1
15	A	1	-1	1	1	1	1	1	1	1	1	1	-1
15	B	1	1	1	1	1	1	1	1	1	1	1	1
15	C	1	1	-1	1	1	1	1	0	1	1	1	1
15	D	1	1	1	1	1	1	1	1	1	1	1	1
15	E	1	1	1	1	1	1	1	0	1	1	1	1
15	F	1	1	1	1	1	1	1	1	1	1	1	1
15	G	1	1	1	1	1	1	1	1	1	1	1	1
15	H	1	1	1	1	1	1	1	1	1	1	1	1
19	A	1	1	1	1	1	1	1	1	1	1	1	1
19	B	1	1	1	1	1	1	1	1	1	1	1	1
19	C	1	1	1	1	1	1	1	1	1	1	1	1
19	D	1	1	1	1	0	1	1	1	1	1	1	1
19	E	1	0	1	1	1	1	1	1	1	0	1	1
19	F	1	1	1	1	1	1	1	1	1	1	1	1
19	G	1	1	1	1	1	1	1	1	1	1	1	1
19	H	1	1	1	1	1	1	1	1	1	1	1	1
169	A	1	1	1	1	1	1	1	1	1	1	1	1
169	B	1	1	1	1	1	1	1	1	1	1	0	1
169	C	1	1	1	1	1	1	1	1	0	1	1	1
169	D	1	1	1	1	1	1	1	1	1	1	1	1
169	E	1	1	1	1	1	1	1	1	1	1	1	1
169	F	1	1	1	1	1	1	1	1	1	1	1	1
169	G	1	1	1	1	1	1	1	1	1	1	1	1
169	H	1	1	1	1	1	1	1	1	1	1	1	1
18	A	1	1	1	1	1	0	1	1	1	1	1	1
18	B	1	1	1	1	1	1	1	1	1	1	1	1
18	C	1	1	1	1	1	1	1	0	1	1	1	0
18	D	1	1	1	0	1	1	1	1	1	1	1	1
18	E	1	1	1	1	1	1	0	1	1	1	1	1
18	F	1	1	1	1	0	1	1	1	1	1	1	1
18	G	1	1	-1	0	1	1	1	1	1	1	1	1
18	H	1	1	1	1	1	1	1	1	1	1	1	1
171	A	1	1	1	1	1	1	1	1	1	1	1	1
171	B	1	1	1	1	1	1	1	1	1	1	1	1
171	C	1	1	1	1	1	1	0	1	1	1	1	1
171	D	1	1	1	1	1	1	1	1	1	1	1	1
171	E	1	1	1	1	1	0	1	1	1	1	1	1
171	F	1	1	1	1	1	1	1	1	1	1	1	1
171	G	1	1	1	1	1	1	1	1	1	1	1	1
171	H	1	1	1	1	1	1	1	1	1	1	1	1
30	A	1	1	1	1	1	1	1	1	1	1	1	1
30	B	1	1	1	1	1	1	1	1	1	1	1	1
30	C	1	0	1	1	1	1	1	1	1	1	0	1
30	D	1	1	1	1	1	1	1	1	1	0	1	1
30	E	1	1	1	1	1	1	1	1	1	1	1	1
30	F	1	1	1	1	1	1	1	1	1	1	1	1
30	G	0	1	1	1	1	1	1	1	1	1	1	1
30	H	1	1	1	1	1	1	1	1	1	1	0	0
29	A	1	1	1	1	1	1	1	1	1	1	1	1
29	B	1	1	1	1	1	1	1	1	1	1	1	1
29	C	1	1	1	1	1	0	1	1	1	1	1	1
29	D	1	1	1	1	1	1	1	1	1	1	1	1
29	E	1	1	1	1	1	1	1	1	1	1	1	1
29	F	1	1	1	1	1	1	1	1	1	-1	1	1
29	G	1	1	1	1	1	1	1	1	1	1	1	1
29	H	1	1	1	1	1	1	1	1	1	1	1	1
13	A	1	1	1	0	1	1	1	-1	1	1	1	1
13	B	1	1	1	1	1	-1	-1	1	1	1	-1	1
13	C	1	0	1	1	1	1	1	-1	1	1	1	1
13	D	1	1	1	1	1	1	-1	1	1	1	-1	1
13	E	1	1	-1	1	-1	1	1	1	1	1	1	1
13	F	1	1	1	1	1	1	0	-1	1	-1	1	1
13	G	1	-1	1	-1	1	1	1	1	1	1	1	1
13	H	1	1	1	-1	1	1	1	1	1	1	1	1
12	A	1	1	1	1	-1	1	1	1	1	1	1	1
12	B	1	1	0	1	-1	1	1	1	1	1	1	1
12	C	1	1	1	1	1	1	1	1	1	1	1	1
12	D	1	1	1	-1	1	1	1	1	1	1	1	1
12	E	1	1	1	1	1	1	1	1	1	1	1	-1
12	F	1	1	-1	1	1	1	1	1	1	1	1	1
12	G	1	1	1	1	-1	1	1	1	1	1	1	1
12	H	1	1	1	-1	1	-1	1	1	1	1	1	1
170	A	1	1	1	1	1	1	1	1	1	1	1	1
170	B	1	1	1	1	1	1	1	1	1	1	1	1
170	C	1	1	1	1	1	0	1	1	1	1	1	1
170	D	1	1	1	1	1	1	1	1	1	1	1	1
170	E	1	1	1	1	1	1	1	1	1	1	1	1
170	F	1	1	1	1	1	1	1	1	1	1	1	1
170	G	1	1	1	1	1	0	1	1	1	1	1	0
170	H	1	1	1	1	1	1	1	1	1	1	1	0
168	A	1	1	1	1	1	1	0	0	1	1	1	1
168	B	0	1	1	1	1	1	1	1	1	1	1	1
168	C	1	1	1	1	1	1	1	1	1	1	1	1
168	D	0	1	0	1	1	1	1	1	1	1	1	1
168	E	1	1	1	1	1	1	1	1	1	1	1	1
168	F	1	1	1	1	1	1	1	1	1	1	1	1
168	G	0	1	1	1	1	1	1	1	1	1	1	1
168	H	1	1	1	1	1	1	1	1	1	1	1	1
14	A	1	-1	-1	1	1	1	1	1	1	1	-1	1
14	B	1	1	1	1	1	-1	1	1	-1	1	1	-1
14	C	1	-1	1	-1	1	0	1	1	1	1	1	1
14	D	1	1	1	1	1	1	1	1	1	1	1	1
14	E	1	1	-1	1	1	1	1	1	1	1	1	1
14	F	1	0	1	1	1	1	1	-1	1	1	-1	1
14	G	-1	1	1	0	1	1	0	1	1	1	1	1
14	H	1	1	1	1	1	1	-1	1	1	1	1	1
17	A	1	1	1	1	1	0	1	1	1	1	1	1
17	B	1	1	1	1	1	0	1	1	1	1	1	1
17	C	1	1	1	1	1	1	1	1	1	1	1	1
17	D	1	1	1	0	0	1	1	1	1	1	1	1
17	E	1	1	1	1	1	1	1	1	1	1	1	1
17	F	1	1	0	1	1	1	1	1	1	1	1	1
17	G	1	1	1	1	1	1	1	1	1	1	1	1
17	H	1	0	1	1	1	1	1	1	1	1	1	1
23	A	1	1	1	1	1	1	1	1	1	1	1	1
23	B	1	1	1	1	1	1	1	1	1	1	0	0
23	C	1	1	1	0	1	0	1	1	1	1	1	1
23	D	1	1	1	1	1	1	1	1	1	1	1	0
23	E	1	1	1	-1	1	1	1	0	1	1	1	1
23	F	1	1	1	1	1	1	1	1	1	1	1	1
23	G	1	1	1	1	1	1	1	1	1	1	1	0
23	H	0	1	1	1	1	1	1	1	1	0	1	1
204	A	1	1	1	1	1	1	1	1	-1	1	1	-1
204	B	1	1	1	1	0	1	-1	-1	1	1	-1	1
204	C	1	1	1	1	1	1	1	1	1	1	1	1
204	D	1	1	1	1	1	1	1	1	1	1	-1	1
204	E	1	1	1	-1	1	1	1	1	-1	1	1	1
204	F	1	1	1	1	1	1	-1	1	1	1	1	1
204	G	1	-1	1	1	1	1	1	1	1	1	1	1
204	H	1	1	0	1	-1	1	1	1	1	1	-1	1
161	A	1	1	1	1	1	1	1	1	1	1	1	1
161	B	1	1	1	1	1	1	0	1	1	1	1	1
161	C	1	1	1	0	0	1	1	1	0	1	1	1
161	D	1	1	1	1	1	1	1	1	1	1	1	1
161	E	1	1	1	1	1	1	1	1	1	1	1	1
161	F	0	1	1	1	1	1	1	1	1	1	1	1
161	G	1	1	1	1	1	1	1	0	1	1	1	1
161	H	1	1	1	1	1	1	1	1	1	1	1	1
176	A	-1	-1	-1	1	1	-1	1	-1	1	1	1	1
176	B	-1	1	-1	-1	-1	1	-1	-1	-1	-1	-1	0
176	C	-1	-1	-1	-1	1	1	0	-1	-1	1	-1	-1
176	D	-1	1	-1	1	-1	-1	1	1	1	1	-1	-1
176	E	0	1	-1	1	-1	1	1	-1	1	0	-1	-1
176	F	-1	-1	-1	1	1	1	-1	-1	1	1	-1	-1
176	G	-1	-1	-1	-1	-1	1	1	1	-1	-1	1	1
176	H	-1	-1	1	1	1	1	-1	-1	-1	1	1	1
39	A	1	1	1	1	1	1	1	1	1	1	1	1
39	B	1	1	1	1	1	1	1	1	1	1	1	1
39	C	1	0	1	1	1	1	1	1	1	1	1	1
39	D	1	1	1	1	1	1	0	1	0	1	1	1
39	E	1	1	-1	0	0	1	1	1	1	1	1	1
39	F	1	1	1	1	1	0	1	1	1	1	1	1
39	G	0	1	-1	1	1	1	1	1	1	1	1	1
39	H	1	1	1	-1	1	0	1	1	1	1	1	1
203	A	1	-1	-1	1	1	1	1	1	1	1	-1	1
203	B	1	1	1	1	1	1	1	1	1	1	1	1
203	C	1	1	1	1	-1	1	1	-1	1	-1	1	1
203	D	-1	1	1	1	1	1	1	0	-1	1	1	1
203	E	1	1	1	0	1	1	1	1	1	1	1	1
203	F	1	1	-1	1	1	1	1	1	1	1	1	1
203	G	1	1	1	-1	1	1	1	1	1	1	1	1
203	H	1	1	1	1	1	1	1	1	-1	1	1	1
134	A	1	1	1	1	1	1	0	1	-1	1	1	1
134	B	1	1	1	1	1	1	0	1	1	1	1	1
134	C	1	1	1	1	1	1	1	-1	1	1	1	1
134	D	1	1	1	1	1	0	1	1	1	1	1	1
134	E	1	1	1	1	0	1	1	1	1	1	1	1
134	F	1	1	1	1	1	1	1	1	1	1	1	1
134	G	1	1	1	1	1	1	1	1	1	1	1	1
134	H	1	1	1	1	1	1	1	1	1	1	1	1
135	A	1	1	1	1	1	1	0	1	1	1	1	1
135	B	-1	1	0	1	1	1	0	1	1	0	1	1
135	C	1	1	1	0	1	1	1	1	-1	1	1	1
135	D	1	1	1	1	1	1	1	1	1	1	1	1
135	E	0	1	1	1	1	1	1	1	1	1	1	1
135	F	1	1	1	1	0	1	1	1	1	1	0	1
135	G	1	1	1	1	0	1	1	1	-1	1	1	1
135	H	1	1	1	1	1	1	1	-1	-1	1	0	1
196	A	1	1	1	1	-1	1	-1	1	-1	1	1	1
196	B	1	1	-1	1	1	1	-1	1	-1	1	1	-1
196	C	1	1	1	1	1	1	1	1	1	1	1	1
196	D	1	1	1	1	1	1	1	1	1	1	1	1
196	E	1	1	1	1	1	1	1	1	1	1	1	1
196	F	1	1	1	1	1	1	-1	1	1	1	1	1
196	G	-1	0	1	1	1	1	0	1	1	1	-1	1
196	H	1	1	1	1	-1	1	1	1	1	1	-1	1
40	A	1	1	1	1	1	1	1	1	1	1	1	1
40	B	1	1	1	1	1	1	1	1	1	1	1	1
40	C	1	1	1	1	1	1	1	1	1	1	1	1
40	D	1	1	1	1	1	1	1	1	0	1	1	1
40	E	1	1	1	-1	1	1	1	1	1	1	1	1
40	F	1	1	1	1	0	1	1	1	1	1	1	1
40	G	1	1	0	1	1	1	1	1	1	1	1	1
40	H	1	1	1	1	0	1	1	1	1	1	1	0
212	A	1	1	1	1	1	1	1	1	1	1	1	1
212	B	1	1	1	1	0	-1	1	1	1	1	-1	1
212	C	1	1	1	1	1	-1	1	1	0	-1	1	1
212	D	1	-1	1	1	1	1	1	1	1	1	1	-1
212	E	1	1	1	1	1	1	1	1	-1	1	1	1
212	F	0	1	1	1	1	1	1	1	1	0	1	1
212	G	1	-1	1	1	1	1	1	-1	1	1	1	1
212	H	1	1	1	1	1	1	1	-1	1	-1	-1	1
152	A	1	1	1	1	1	1	1	1	1	1	1	0
152	B	1	1	1	1	1	1	1	1	1	1	1	1
152	C	1	1	1	1	0	1	0	1	1	1	1	1
152	D	1	1	1	1	1	1	1	1	1	1	1	1
152	E	1	1	1	1	1	1	1	1	1	1	1	1
152	F	1	1	1	1	1	1	1	1	-1	1	1	1
152	G	1	1	1	1	1	1	1	1	1	1	1	1
152	H	1	1	1	1	1	1	1	1	1	1	1	1
41	A	1	1	0	1	1	1	1	1	1	1	1	1
41	B	1	1	1	1	1	1	1	1	1	1	1	1
41	C	1	1	1	1	1	1	0	0	0	1	1	1
41	D	0	1	1	1	1	1	1	1	1	0	1	1
41	E	1	1	1	1	0	1	1	1	1	1	0	1
41	F	1	1	1	1	0	0	1	1	1	1	1	1
41	G	1	1	1	1	0	1	1	1	1	1	1	0
41	H	1	1	1	1	1	1	1	1	1	1	-1	0
2	A	-1	-1	-1	-1	-1	-1	-1	-1	-1	-1	-1	-1
2	B	-1	-1	-1	-1	-1	-1	-1	-1	-1	-1	-1	-1
2	C	-1	-1	-1	-1	-1	-1	-1	-1	-1	-1	-1	-1
2	D	-1	-1	-1	-1	-1	-1	-1	-1	-1	0	-1	-1
2	E	-1	-1	-1	-1	-1	-1	-1	-1	-1	-1	-1	-1
2	F	-1	-1	-1	-1	-1	-1	-1	-1	-1	-1	-1	-1
2	G	-1	-1	-1	-1	-1	-1	-1	-1	-1	-1	-1	0
2	H	-1	-1	-1	-1	-1	-1	-1	-1	-1	-1	-1	-1
57	A	1	1	-1	-1	1	-1	-1	-1	-1	-1	-1	-1
57	B	1	-1	-1	-1	-1	-1	1	-1	0	-1	1	-1
57	C	-1	-1	1	-1	1	0	1	-1	1	1	-1	-1
57	D	1	-1	-1	1	1	-1	1	-1	1	1	-1	-1
57	E	1	-1	1	-1	-1	-1	0	-1	-1	-1	-1	-1
57	F	-1	-1	1	1	-1	-1	-1	-1	-1	-1	1	1
57	G	-1	1	-1	0	1	-1	-1	1	-1	-1	0	0
57	H	-1	-1	-1	-1	-1	1	-1	1	1	1	1	-1
10	A	1	1	-1	-1	-1	-1	0	-1	-1	-1	-1	-1
10	B	-1	-1	-1	-1	-1	-1	-1	0	1	-1	-1	-1
10	C	-1	0	1	-1	1	-1	-1	-1	1	1	-1	-1
10	D	-1	-1	-1	-1	-1	1	1	1	-1	-1	-1	-1
10	E	-1	-1	-1	-1	-1	1	1	-1	-1	-1	-1	-1
10	F	-1	-1	-1	-1	-1	-1	-1	-1	-1	-1	-1	1
10	G	-1	-1	-1	-1	-1	-1	-1	-1	-1	1	-1	1
10	H	1	-1	-1	1	1	1	1	1	1	-1	1	1
149	A	-1	1	1	1	1	1	1	1	1	0	1	1
149	B	-1	1	1	1	1	1	1	1	1	1	0	1
149	C	-1	1	1	1	1	1	1	1	1	1	1	1
149	D	1	1	1	1	1	1	1	1	1	1	1	1
149	E	1	1	1	1	1	1	1	1	1	1	1	1
149	F	1	1	1	1	1	1	1	1	1	1	1	1
149	G	1	1	1	1	1	1	1	1	1	1	1	1
149	H	1	1	1	1	1	1	1	1	1	1	1	1
24	A	1	1	0	1	1	1	0	1	1	1	1	1
24	B	1	1	1	1	1	1	1	1	1	0	1	1
24	C	1	1	1	0	0	1	1	1	1	1	1	1
24	D	1	1	1	1	1	1	1	1	1	1	1	0
24	E	1	1	0	1	0	1	1	1	1	1	1	1
24	F	1	1	1	0	1	1	1	1	1	1	1	1
24	G	1	1	1	1	1	0	1	1	1	1	1	1
24	H	1	1	1	1	1	0	1	1	1	1	1	1
7	A	-1	-1	-1	-1	-1	-1	-1	-1	-1	-1	-1	-1
7	B	-1	-1	-1	-1	-1	-1	-1	-1	-1	-1	-1	-1
7	C	-1	-1	-1	-1	-1	-1	-1	-1	-1	-1	-1	-1
7	D	-1	-1	-1	-1	-1	-1	-1	-1	-1	-1	-1	-1
7	E	-1	-1	-1	-1	-1	-1	-1	-1	-1	-1	-1	-1
7	F	-1	-1	-1	-1	-1	-1	-1	-1	-1	-1	-1	0
7	G	0	-1	-1	-1	-1	-1	-1	-1	-1	-1	-1	-1
7	H	-1	-1	-1	-1	-1	-1	-1	-1	-1	-1	-1	-1
8	A	-1	-1	-1	-1	-1	-1	-1	-1	-1	-1	-1	-1
8	B	-1	-1	-1	-1	-1	-1	-1	-1	-1	-1	-1	-1
8	C	-1	-1	-1	-1	-1	-1	-1	-1	-1	-1	-1	-1
8	D	-1	-1	-1	-1	-1	-1	-1	-1	-1	-1	-1	-1
8	E	-1	-1	-1	-1	-1	-1	0	-1	-1	-1	-1	-1
8	F	-1	-1	-1	-1	-1	-1	-1	-1	-1	-1	-1	-1
8	G	-1	-1	-1	-1	-1	-1	-1	-1	-1	-1	-1	-1
8	H	-1	-1	-1	-1	-1	-1	-1	0	-1	-1	-1	-1
9	A	0	-1	-1	-1	-1	-1	-1	-1	-1	-1	-1	-1
9	B	-1	-1	-1	-1	-1	0	-1	-1	-1	-1	-1	-1
9	C	-1	-1	-1	-1	-1	-1	-1	-1	-1	-1	-1	-1
9	D	-1	-1	-1	-1	-1	-1	-1	-1	-1	-1	-1	-1
9	E	-1	-1	-1	-1	-1	-1	-1	-1	-1	-1	-1	-1
9	F	-1	-1	-1	-1	-1	-1	-1	-1	-1	-1	-1	-1
9	G	-1	-1	-1	-1	-1	-1	-1	-1	-1	-1	-1	-1
9	H	-1	-1	-1	-1	-1	-1	1	1	-1	-1	-1	-1
66	A	-1	1	1	1	1	1	1	1	0	-1	1	1
66	B	1	1	1	1	1	1	1	1	1	1	1	1
66	C	0	1	1	1	1	1	1	1	1	1	1	1
66	D	1	1	1	1	1	1	1	1	1	1	1	-1
66	E	1	1	1	1	-1	1	1	1	1	1	1	1
66	F	-1	-1	1	1	1	1	1	1	1	1	1	1
66	G	1	0	-1	1	0	1	1	1	1	1	1	1
66	H	1	1	1	1	1	-1	-1	1	1	0	1	1
65	A	1	1	1	1	1	1	1	0	1	1	1	1
65	B	1	1	1	1	1	0	0	1	-1	1	1	0
65	C	1	1	-1	1	1	-1	-1	1	1	1	0	-1
65	D	-1	1	1	1	1	1	1	1	1	1	1	1
65	E	1	1	1	1	1	0	1	-1	1	1	1	1
65	F	1	1	1	-1	1	1	0	1	-1	1	-1	1
65	G	1	1	1	0	1	1	1	1	1	-1	1	1
65	H	1	-1	1	-1	1	1	-1	1	1	1	1	1
64	A	1	1	1	-1	1	1	1	1	1	1	1	1
64	B	1	1	1	1	1	1	1	1	1	1	-1	1
64	C	1	-1	1	1	1	-1	1	1	1	1	1	1
64	D	-1	1	1	1	1	1	1	1	1	-1	1	1
64	E	1	1	1	1	-1	1	1	1	1	1	1	1
64	F	1	1	1	1	1	1	1	1	1	1	1	1
64	G	1	1	-1	1	1	1	1	1	1	1	1	1
64	H	1	1	1	-1	-1	-1	1	1	1	0	-1	1
56	A	-1	-1	-1	1	-1	-1	1	1	-1	1	-1	1
56	B	-1	-1	0	-1	1	1	-1	1	1	-1	-1	1
56	C	1	1	1	1	-1	-1	1	-1	-1	1	1	-1
56	D	-1	-1	1	-1	-1	-1	1	1	-1	1	-1	1
56	E	1	1	1	-1	1	1	1	1	-1	-1	1	1
56	F	0	1	1	1	1	1	0	-1	1	1	-1	1
56	G	1	1	-1	-1	-1	-1	-1	-1	-1	-1	-1	1
56	H	1	-1	1	-1	-1	1	-1	1	0	-1	-1	1
68	A	1	1	1	1	-1	1	1	1	0	1	1	1
68	B	1	1	1	1	1	-1	-1	-1	1	1	1	1
68	C	1	1	1	1	1	1	1	1	1	1	-1	1
68	D	1	1	1	1	1	-1	1	1	1	1	1	-1
68	E	1	1	1	1	1	1	1	1	1	1	1	1
68	F	1	1	1	1	1	1	-1	1	1	-1	1	0
68	G	1	1	1	1	1	1	1	1	1	1	-1	1
68	H	1	1	1	-1	1	-1	1	1	1	1	-1	1
67	A	-1	1	1	1	1	1	1	1	1	1	-1	1
67	B	1	1	1	1	1	1	1	1	1	1	1	0
67	C	-1	1	1	1	1	1	1	1	1	1	1	1
67	D	1	-1	1	1	1	1	1	-1	1	1	1	1
67	E	1	1	1	1	1	1	1	1	1	1	1	1
67	F	1	1	1	1	-1	-1	-1	1	1	1	-1	1
67	G	1	1	1	1	1	1	1	1	1	1	1	1
67	H	1	1	1	1	-1	0	-1	1	1	0	-1	1
60	A	1	-1	1	1	1	1	1	1	-1	-1	-1	-1
60	B	-1	-1	-1	1	1	-1	-1	1	-1	-1	-1	1
60	C	1	-1	1	0	1	1	1	1	-1	-1	-1	-1
60	D	1	-1	-1	1	1	-1	1	1	-1	-1	1	-1
60	E	-1	-1	1	-1	1	1	1	-1	1	-1	-1	1
60	F	1	-1	1	1	-1	1	1	1	1	-1	-1	-1
60	G	1	1	1	0	-1	-1	-1	-1	1	-1	-1	1
60	H	1	1	-1	1	-1	1	-1	1	-1	1	-1	-1
59	A	-1	-1	-1	-1	-1	-1	1	-1	1	1	-1	1
59	B	1	1	-1	1	1	1	1	-1	1	-1	1	-1
59	C	1	-1	-1	1	1	1	1	1	1	1	-1	1
59	D	-1	-1	-1	1	-1	1	1	1	1	1	1	1
59	E	-1	1	1	-1	-1	-1	1	-1	-1	1	-1	-1
59	F	-1	1	1	1	-1	1	-1	1	0	1	-1	1
59	G	0	1	1	-1	1	1	-1	-1	-1	-1	1	-1
59	H	-1	1	1	1	-1	-1	1	-1	1	1	1	1
58	A	-1	1	-1	-1	-1	1	1	-1	1	-1	1	-1
58	B	-1	-1	1	-1	-1	1	1	-1	1	1	1	1
58	C	1	-1	1	1	-1	1	-1	-1	1	-1	1	-1
58	D	-1	-1	-1	-1	-1	1	-1	1	1	1	1	-1
58	E	1	-1	1	1	-1	-1	1	-1	-1	0	1	-1
58	F	1	1	1	-1	-1	1	-1	-1	-1	-1	1	-1
58	G	-1	1	1	-1	-1	-1	1	1	-1	-1	-1	-1
58	H	1	-1	-1	-1	-1	-1	-1	1	1	-1	-1	1
173	A	1	1	1	1	1	1	1	1	1	1	1	1
173	B	1	1	1	1	1	1	1	1	1	1	1	1
173	C	1	1	1	1	1	1	1	0	1	1	1	1
173	D	1	1	1	1	1	1	1	1	-1	1	1	1
173	E	1	1	1	1	1	1	1	1	1	1	1	1
173	F	1	1	1	1	1	1	1	1	1	1	1	1
173	G	1	1	1	1	1	1	1	1	1	1	1	1
173	H	1	1	1	1	1	1	1	1	1	0	1	1
172	A	0	1	1	1	1	1	1	1	1	1	1	1
172	B	1	1	1	1	1	1	1	1	1	1	1	1
172	C	1	1	1	1	1	1	-1	1	-1	1	0	1
172	D	1	0	1	1	1	1	1	1	1	1	1	1
172	E	1	1	1	1	1	1	1	1	1	1	1	1
172	F	1	1	1	1	0	1	1	1	1	1	1	1
172	G	1	1	1	1	1	1	1	1	1	1	0	1
172	H	1	1	1	1	1	1	1	1	0	1	1	1
62	A	1	1	1	1	1	1	1	1	1	1	1	-1
62	B	-1	1	1	1	1	0	1	1	1	1	0	1
62	C	1	1	1	1	1	1	1	-1	1	1	1	1
62	D	-1	1	1	-1	-1	-1	1	-1	1	1	1	1
62	E	-1	1	1	1	1	1	1	1	1	1	1	1
62	F	1	1	1	1	1	1	1	-1	1	1	1	1
62	G	-1	0	1	1	1	1	1	1	1	-1	1	1
62	H	1	-1	1	1	1	1	1	1	1	1	1	1
61	A	1	1	1	1	1	-1	1	-1	1	1	1	1
61	B	-1	1	1	1	1	1	1	1	1	-1	0	-1
61	C	-1	1	1	1	1	1	1	1	-1	-1	1	-1
61	D	-1	1	1	1	1	0	1	-1	1	1	1	1
61	E	1	-1	1	1	1	1	1	1	-1	1	-1	1
61	F	1	1	1	-1	1	-1	1	1	1	1	1	1
61	G	-1	-1	1	-1	1	1	1	1	1	1	-1	1
61	H	1	-1	-1	1	1	1	1	-1	1	1	1	1
174	A	1	1	1	1	1	1	1	1	1	-1	1	1
174	B	1	1	1	1	1	1	1	1	1	-1	-1	1
174	C	1	1	1	1	1	1	1	1	-1	-1	1	1
174	D	1	1	1	1	1	1	-1	-1	1	-1	1	-1
174	E	1	1	1	1	1	1	-1	1	1	-1	1	1
174	F	1	1	1	1	1	1	1	-1	1	1	1	0
174	G	1	1	1	1	1	1	1	-1	1	1	-1	-1
174	H	1	1	1	1	1	1	1	-1	1	1	1	-1
156	A	1	1	1	1	1	1	1	1	1	1	1	1
156	B	1	1	1	0	1	1	1	1	1	1	1	0
156	C	1	1	1	1	1	1	1	1	1	1	1	1
156	D	1	1	1	1	1	1	1	1	1	1	1	1
156	E	1	1	1	1	1	1	1	1	1	1	1	1
156	F	1	1	1	1	1	1	1	1	1	1	1	1
156	G	1	1	1	1	1	1	1	1	1	1	1	1
156	H	1	1	1	1	0	1	1	1	1	1	1	1
155	A	1	1	1	1	1	1	1	1	1	1	1	1
155	B	1	1	1	1	1	1	0	1	1	1	1	1
155	C	1	1	1	1	1	1	1	1	1	1	1	1
155	D	1	1	1	0	1	1	1	1	1	1	1	1
155	E	1	1	1	1	1	1	1	1	1	1	1	1
155	F	1	1	1	1	1	1	1	1	1	1	1	1
155	G	1	1	1	1	1	1	1	1	1	1	1	1
155	H	1	1	1	1	1	1	1	1	1	1	1	1
151	A	1	1	1	1	1	1	1	1	1	1	1	1
151	B	1	1	1	1	1	1	1	1	1	1	1	1
151	C	1	1	1	1	1	1	1	1	1	1	1	1
151	D	1	1	1	1	1	1	1	1	0	1	1	1
151	E	0	1	1	1	1	1	1	1	0	1	1	1
151	F	1	1	1	1	1	1	1	1	1	1	1	1
151	G	1	1	1	1	1	1	1	0	1	1	1	1
151	H	0	1	1	1	1	1	1	1	1	1	1	1
63	A	1	1	1	1	1	1	-1	1	1	0	-1	1
63	B	1	1	1	1	1	1	1	-1	1	1	0	-1
63	C	1	1	1	1	1	0	1	1	1	-1	1	1
63	D	1	1	1	1	1	-1	1	1	1	1	1	-1
63	E	1	1	1	1	1	1	1	1	1	1	1	1
63	F	1	1	1	1	-1	1	1	1	1	1	1	-1
63	G	1	1	1	1	1	1	1	1	1	1	1	1
63	H	1	1	1	0	1	1	1	1	1	1	1	-1
166	A	1	1	1	1	1	1	1	1	1	1	1	1
166	B	1	1	1	1	1	1	1	1	0	1	1	1
166	C	1	1	1	1	1	1	1	1	1	1	1	1
166	D	1	1	1	1	1	1	1	1	1	1	1	1
166	E	1	1	-1	1	1	1	1	1	1	0	1	1
166	F	1	1	1	1	1	1	1	1	1	1	1	1
166	G	1	1	1	1	1	1	1	1	1	1	1	1
166	H	1	1	1	1	1	1	1	1	1	1	1	1
150	A	1	1	1	1	1	1	1	1	1	1	1	1
150	B	1	1	1	1	1	1	1	1	1	1	1	1
150	C	1	1	1	1	1	1	1	1	1	1	1	1
150	D	1	1	1	1	1	1	1	1	1	1	1	1
150	E	1	1	1	1	1	1	1	1	1	1	1	1
150	F	1	1	1	1	1	1	1	1	1	1	1	1
150	G	1	1	1	1	1	1	1	1	1	1	1	1
150	H	0	1	1	1	1	1	1	-1	1	1	1	1
132	A	1	1	1	1	1	1	1	1	1	1	1	1
132	B	1	1	1	0	1	1	1	1	1	1	1	1
132	C	0	1	1	1	1	1	1	1	1	1	1	1
132	D	1	1	1	1	1	1	1	1	1	1	1	1
132	E	1	0	1	1	1	1	1	1	1	1	1	1
132	F	1	1	1	1	1	0	1	1	1	1	1	1
132	G	1	1	1	1	1	1	1	1	1	1	1	-1
132	H	1	1	1	1	1	1	1	1	1	1	0	1
69	A	1	1	0	1	0	1	1	1	1	1	-1	1
69	B	-1	1	-1	1	1	1	1	1	1	-1	1	1
69	C	1	1	1	1	1	1	1	1	-1	1	-1	-1
69	D	1	0	1	0	-1	1	-1	-1	1	1	1	1
69	E	1	-1	1	1	1	1	1	1	1	1	1	1
69	F	1	0	1	-1	1	1	1	-1	-1	1	1	1
69	G	-1	1	-1	-1	0	1	1	1	1	1	-1	1
69	H	1	1	1	1	1	-1	1	1	1	1	1	1
48	A	1	1	1	1	1	0	1	1	1	1	1	1
48	B	1	1	1	1	1	0	1	1	1	0	1	0
48	C	1	1	1	1	1	1	1	1	1	1	1	1
48	D	1	1	1	1	1	1	1	1	1	1	0	1
48	E	1	1	1	1	0	0	1	1	1	1	1	1
48	F	1	1	1	1	1	1	1	1	1	0	0	1
48	G	1	1	1	0	1	1	1	1	1	1	1	1
48	H	1	1	1	1	1	1	1	1	1	1	1	1
49	A	1	1	1	1	1	1	1	1	1	1	1	1
49	B	1	1	1	1	0	1	1	0	1	0	0	1
49	C	1	-1	1	1	0	1	1	1	1	1	1	1
49	D	1	1	1	1	1	1	1	0	1	1	1	1
49	E	1	1	1	1	1	0	1	1	0	1	1	0
49	F	1	1	1	1	1	1	1	1	1	1	0	0
49	G	1	1	1	1	1	1	1	1	1	1	1	1
49	H	1	1	1	1	1	1	0	0	1	1	1	1
50	A	1	1	1	1	1	1	1	1	1	1	1	1
50	B	1	1	0	1	1	1	1	1	1	1	1	1
50	C	1	1	1	1	1	1	1	1	1	1	0	1
50	D	1	1	1	1	1	1	1	1	1	1	1	1
50	E	1	1	1	1	1	1	1	1	1	1	1	1
50	F	0	1	1	1	1	1	1	1	1	1	1	1
50	G	1	1	1	1	1	1	1	1	1	1	1	1
50	H	1	1	0	1	0	0	1	1	1	1	1	1
51	A	0	1	0	1	0	1	1	1	1	1	1	1
51	B	1	1	0	1	1	0	1	1	1	1	1	1
51	C	1	1	0	1	1	1	1	1	1	1	1	1
51	D	0	0	0	1	1	1	1	1	1	1	1	1
51	E	1	1	0	1	1	0	0	1	1	1	1	1
51	F	1	1	0	1	1	1	1	1	1	1	1	0
51	G	1	1	1	1	1	1	1	1	1	1	1	1
51	H	1	0	1	1	1	1	1	1	1	1	1	1
54	A	1	1	1	-1	0	1	1	-1	1	-1	-1	1
54	B	1	-1	-1	1	0	1	1	1	0	1	0	1
54	C	1	-1	-1	-1	1	-1	0	1	0	1	1	1
54	D	1	1	1	-1	-1	1	0	0	-1	0	1	-1
54	E	-1	0	1	1	1	1	1	-1	0	-1	1	1
54	F	1	-1	1	1	1	-1	1	-1	1	-1	1	0
54	G	-1	1	-1	1	-1	-1	-1	1	-1	1	1	1
54	H	-1	-1	1	1	-1	0	-1	-1	-1	1	1	-1
55	A	-1	-1	-1	1	1	1	1	-1	-1	1	-1	0
55	B	-1	1	-1	-1	-1	-1	-1	-1	1	1	-1	1
55	C	-1	-1	-1	-1	1	-1	-1	1	0	1	1	1
55	D	1	0	1	-1	1	1	-1	1	1	1	1	-1
55	E	1	1	-1	1	-1	1	1	1	-1	1	1	-1
55	F	1	1	-1	-1	-1	-1	-1	-1	-1	-1	1	-1
55	G	1	-1	1	1	1	-1	1	-1	-1	1	-1	-1
55	H	1	1	-1	1	-1	1	-1	1	-1	1	-1	1
131	A	1	1	1	1	1	1	1	1	1	1	1	1
131	B	1	1	1	-1	1	1	1	1	0	1	1	1
131	C	1	1	1	1	1	1	1	1	1	1	1	1
131	D	1	1	1	1	1	1	1	1	1	1	1	1
131	E	1	1	1	-1	1	1	1	1	1	1	1	1
131	F	-1	1	1	1	1	1	-1	1	1	1	1	1
131	G	1	1	1	1	1	1	1	1	1	1	1	0
131	H	1	1	1	1	1	1	1	1	1	1	1	1
191	A	-1	-1	1	-1	1	-1	1	1	-1	1	-1	-1
191	B	1	1	1	1	1	1	-1	-1	-1	-1	-1	-1
191	C	0	-1	-1	-1	1	-1	-1	-1	-1	1	-1	-1
191	D	1	0	-1	-1	-1	-1	1	1	1	1	1	-1
191	E	1	-1	1	-1	1	-1	-1	0	-1	1	-1	1
191	F	1	-1	1	-1	1	-1	-1	-1	-1	1	1	-1
191	G	-1	1	-1	-1	1	1	-1	-1	1	-1	-1	-1
191	H	-1	-1	-1	1	-1	1	-1	-1	-1	-1	-1	1
192	A	1	1	1	1	1	1	1	-1	1	1	1	1
192	B	0	1	-1	1	1	1	1	1	1	1	-1	1
192	C	1	1	1	1	1	-1	1	1	1	1	1	1
192	D	1	1	1	1	1	1	1	1	1	1	1	1
192	E	1	1	0	1	1	1	1	1	1	1	1	1
192	F	1	1	1	1	1	1	1	1	1	1	1	1
192	G	1	1	-1	1	1	1	1	1	1	-1	-1	1
192	H	1	-1	1	1	1	1	1	1	1	1	1	1
193	A	1	1	-1	1	1	1	1	1	1	-1	-1	1
193	B	1	1	1	1	1	1	1	-1	1	1	-1	0
193	C	1	1	1	-1	1	1	1	1	1	1	1	1
193	D	-1	1	1	1	1	1	1	1	1	1	1	1
193	E	1	1	1	1	1	1	1	1	1	1	1	1
193	F	1	1	1	1	1	0	1	1	0	1	1	1
193	G	1	1	1	1	1	1	1	-1	1	1	1	1
193	H	1	1	1	1	1	1	1	1	1	1	1	1
194	A	0	-1	1	-1	1	1	1	1	1	1	1	1
194	B	1	1	1	1	1	1	1	1	1	0	1	1
194	C	1	1	1	1	1	1	1	1	1	1	1	1
194	D	1	1	1	1	1	1	-1	1	1	1	1	1
194	E	-1	1	-1	1	1	0	1	-1	1	1	-1	1
194	F	1	0	1	1	1	0	-1	-1	1	0	1	1
194	G	-1	1	1	1	1	1	1	1	1	-1	1	1
194	H	1	1	1	1	1	1	1	1	-1	1	1	1
195	A	0	-1	1	-1	1	0	1	-1	1	1	1	1
195	B	1	1	1	1	1	0	1	0	1	1	1	1
195	C	1	1	1	1	-1	1	1	1	1	1	1	1
195	D	1	1	-1	1	1	1	1	1	1	1	1	1
195	E	-1	1	-1	1	1	1	1	-1	-1	1	1	1
195	F	1	1	1	1	1	1	1	1	1	1	1	1
195	G	1	1	1	1	1	0	1	1	-1	1	1	1
195	H	-1	1	0	-1	0	1	1	1	0	1	0	1
197	A	1	1	1	1	1	1	1	1	1	1	1	1
197	B	1	1	1	1	1	1	1	1	-1	1	1	1
197	C	1	1	1	1	1	1	1	-1	1	1	1	1
197	D	1	-1	1	1	1	1	1	1	-1	1	1	1
197	E	1	-1	1	0	1	1	1	1	1	1	1	1
197	F	1	1	1	-1	1	1	1	1	-1	-1	1	1
197	G	1	1	1	1	1	1	1	1	1	1	1	1
197	H	1	1	1	1	1	1	1	1	1	0	1	1
200	A	1	1	1	1	1	1	1	1	1	-1	1	1
200	B	1	1	0	1	1	1	1	1	1	1	1	1
200	C	1	1	1	1	1	1	1	1	1	1	1	1
200	D	1	0	1	1	1	1	1	1	-1	1	1	-1
200	E	1	1	1	1	1	1	1	1	1	1	-1	0
200	F	1	0	1	1	1	-1	1	-1	1	0	-1	1
200	G	1	1	1	1	1	1	1	1	-1	1	1	1
200	H	1	1	1	1	1	1	1	-1	1	1	1	1
201	A	1	1	1	1	1	1	1	1	1	-1	1	1
201	B	1	1	1	1	1	1	-1	1	1	1	1	1
201	C	1	1	1	1	1	-1	1	1	1	1	1	1
201	D	1	1	1	1	1	0	1	1	1	1	1	-1
201	E	1	1	1	1	1	1	-1	-1	1	1	-1	1
201	F	1	1	1	1	1	1	-1	0	1	1	1	1
201	G	-1	1	1	1	1	-1	1	1	1	1	1	1
201	H	1	1	1	1	1	1	1	1	1	-1	0	1
202	A	1	1	1	1	1	1	1	-1	1	1	1	1
202	B	1	1	1	1	1	1	1	1	1	1	1	1
202	C	-1	1	-1	0	1	1	1	0	1	1	-1	-1
202	D	-1	1	1	1	1	1	-1	1	1	-1	1	1
202	E	1	1	1	1	1	1	-1	1	1	1	1	1
202	F	1	1	1	1	1	1	1	1	1	1	1	1
202	G	-1	1	1	1	1	1	1	1	1	-1	1	1
202	H	1	1	1	1	1	1	0	1	1	1	1	1
205	A	1	1	1	1	-1	1	-1	1	1	1	-1	1
205	B	1	1	1	1	1	1	1	1	1	1	1	-1
205	C	1	-1	1	1	1	0	1	1	1	1	0	1
205	D	1	1	1	-1	1	1	1	1	1	1	1	1
205	E	1	1	1	-1	1	1	0	-1	1	1	1	1
205	F	1	1	1	1	1	1	1	1	1	1	1	1
205	G	1	1	1	1	1	1	1	1	1	1	1	1
205	H	1	1	1	1	1	1	1	1	1	1	1	1
206	A	-1	1	1	1	1	1	1	1	0	-1	1	-1
206	B	1	1	1	1	1	1	1	1	1	1	1	-1
206	C	1	1	1	1	-1	1	1	1	1	1	-1	1
206	D	1	-1	1	1	1	1	1	-1	1	1	1	1
206	E	1	1	1	1	1	1	1	1	1	1	1	1
206	F	1	1	1	1	1	1	1	1	1	-1	1	1
206	G	1	1	-1	-1	1	-1	1	1	1	1	1	1
206	H	-1	1	1	1	1	1	1	1	1	1	1	1
208	A	1	1	1	1	-1	1	-1	1	1	1	-1	1
208	B	1	-1	1	1	1	1	1	1	1	1	1	1
208	C	-1	1	0	-1	1	1	1	1	1	1	0	-1
208	D	1	1	1	1	1	1	-1	1	1	1	1	-1
208	E	1	1	1	1	-1	1	1	1	1	1	1	-1
208	F	-1	1	1	1	1	1	1	1	1	1	1	1
208	G	1	-1	-1	1	-1	1	1	1	1	1	1	0
208	H	1	1	1	1	1	1	1	1	1	1	1	0
209	A	1	1	1	1	1	1	1	1	1	1	-1	1
209	B	1	1	1	1	1	1	1	1	1	-1	-1	1
209	C	1	1	1	1	1	1	-1	1	1	1	1	1
209	D	1	1	1	1	1	1	-1	0	-1	1	1	1
209	E	1	1	1	-1	-1	1	1	1	1	1	1	1
209	F	1	1	1	1	1	1	1	1	1	1	1	1
209	G	1	-1	1	1	1	1	1	1	1	1	1	1
209	H	1	1	1	1	1	1	1	1	1	1	1	1
211	A	1	1	1	1	-1	1	1	1	1	-1	1	1
211	B	1	1	1	-1	1	1	1	1	1	1	1	1
211	C	-1	1	1	1	1	1	1	1	-1	1	1	1
211	D	-1	1	1	1	1	1	1	1	-1	1	1	1
211	E	1	1	1	1	1	1	1	1	1	1	1	1
211	F	0	1	1	1	1	1	-1	1	1	1	1	1
211	G	1	1	1	1	1	-1	1	1	-1	1	1	1
211	H	1	1	1	1	1	1	-1	1	-1	-1	1	1
33	A	1	1	1	1	1	1	1	1	1	1	1	1
33	B	1	1	1	1	1	1	1	1	1	1	1	1
33	C	1	1	1	1	1	1	1	1	1	1	1	1
33	D	1	1	1	1	1	1	1	1	1	1	1	1
33	E	1	1	1	1	1	1	1	1	0	1	1	1
33	F	1	1	1	1	-1	1	1	1	1	1	1	1
33	G	1	1	1	1	1	1	1	1	1	1	1	1
33	H	1	1	1	1	1	1	1	1	1	1	1	1
35	A	1	1	1	1	1	1	1	1	1	1	1	1
35	B	1	1	1	1	1	1	0	1	1	1	1	1
35	C	1	1	1	1	1	1	1	1	1	1	1	1
35	D	1	1	1	1	0	1	-1	1	1	1	1	1
35	E	1	1	1	1	1	1	1	1	1	1	1	1
35	F	1	1	1	1	1	1	1	1	1	1	1	1
35	G	1	1	1	1	1	1	0	1	1	1	1	1
35	H	1	1	1	1	1	1	1	1	1	1	1	1
36	A	1	1	1	1	1	1	1	1	1	1	1	1
36	B	1	1	1	1	1	1	1	1	-1	1	1	1
36	C	1	1	1	1	1	1	1	1	1	1	1	1
36	D	1	1	1	1	1	1	1	1	1	1	1	1
36	E	0	1	0	1	1	1	1	1	1	1	1	1
36	F	1	1	1	1	1	1	1	1	1	0	1	1
36	G	1	1	0	1	1	1	1	1	1	1	1	1
36	H	1	1	1	1	1	1	1	1	1	1	1	1
37	A	1	1	1	1	1	1	1	1	1	1	1	1
37	B	1	0	1	1	1	1	1	1	1	-1	1	1
37	C	1	0	1	1	1	1	1	1	1	1	1	1
37	D	1	1	1	1	1	1	1	1	1	0	1	0
37	E	1	1	1	1	1	1	1	1	1	0	1	1
37	F	1	1	1	1	1	0	0	1	1	0	1	1
37	G	1	1	1	1	-1	1	1	1	1	1	1	1
37	H	1	1	1	1	1	1	1	1	1	1	1	1
38	A	1	1	1	1	1	1	1	1	1	1	1	1
38	B	1	1	1	1	1	1	1	1	1	1	1	1
38	C	1	1	1	1	1	1	1	1	1	1	1	1
38	D	1	1	1	1	1	1	1	1	1	1	1	1
38	E	1	1	0	1	1	1	1	1	1	1	1	1
38	F	1	1	1	1	1	1	1	1	1	1	1	1
38	G	1	1	1	1	1	1	1	1	1	1	1	1
38	H	1	1	1	1	1	1	1	1	1	1	1	1
42	A	1	1	1	1	1	1	1	1	1	1	1	1
42	B	1	1	1	1	1	1	1	1	1	1	1	-1
42	C	1	0	1	0	1	1	1	1	1	1	1	1
42	D	1	1	0	1	1	1	1	1	1	1	1	1
42	E	1	1	1	1	1	1	1	1	1	1	1	1
42	F	1	1	1	1	1	1	1	1	1	1	1	1
42	G	1	1	1	1	1	1	1	1	1	1	1	1
42	H	1	1	1	1	1	1	0	1	1	1	0	1
43	A	1	1	1	1	1	1	1	1	1	1	1	1
43	B	1	1	1	1	1	1	1	1	1	1	1	1
43	C	1	1	1	1	1	1	1	1	1	1	1	1
43	D	1	1	1	1	1	1	1	1	1	1	1	1
43	E	1	1	1	1	1	1	1	1	0	1	1	1
43	F	1	1	1	1	1	1	1	1	1	1	1	1
43	G	1	0	1	1	1	1	1	1	1	1	1	1
43	H	1	1	1	1	1	1	1	1	1	1	1	1
44	A	1	1	0	1	1	1	1	1	1	1	1	1
44	B	1	1	1	1	1	1	1	1	1	1	1	1
44	C	1	1	1	1	1	1	1	1	1	1	1	1
44	D	1	1	1	1	1	0	1	1	1	1	1	1
44	E	1	1	1	1	1	1	1	1	1	1	1	1
44	F	1	1	1	1	1	1	1	1	1	1	1	1
44	G	1	0	1	1	1	1	1	0	1	1	1	1
44	H	1	1	1	1	-1	1	1	1	1	1	1	1
45	A	1	1	1	1	0	1	1	1	1	1	1	1
45	B	1	1	1	1	1	1	1	1	1	1	1	1
45	C	1	1	1	1	1	1	1	1	1	1	1	1
45	D	1	1	1	1	1	1	1	1	1	1	1	1
45	E	1	1	1	1	1	1	1	1	1	1	1	1
45	F	1	1	1	1	1	1	1	-1	0	1	1	1
45	G	1	1	1	1	1	1	1	1	1	1	1	1
45	H	1	1	1	1	1	1	1	1	1	1	1	1
46	A	1	1	1	1	1	1	1	1	1	1	1	1
46	B	1	1	1	1	1	1	1	1	1	1	1	1
46	C	1	1	1	1	1	1	1	1	1	1	1	1
46	D	1	1	1	1	0	1	1	1	1	1	0	1
46	E	1	1	1	1	1	1	1	1	1	1	1	1
46	F	1	1	1	1	1	1	1	1	1	1	1	1
46	G	1	1	1	1	1	1	1	0	1	1	1	1
46	H	1	1	0	1	1	1	0	0	1	1	0	1
47	A	1	1	1	1	1	1	1	1	1	1	1	1
47	B	1	1	1	1	0	1	1	1	1	1	1	1
47	C	1	1	1	1	1	1	1	1	1	1	1	1
47	D	1	1	1	1	1	1	1	1	1	1	1	1
47	E	1	1	1	1	1	1	1	1	1	1	1	1
47	F	1	1	1	1	1	1	1	1	1	1	1	1
47	G	1	1	1	1	1	1	1	1	1	1	1	1
47	H	1	1	1	1	1	0	1	1	1	1	1	1
210	A	1	1	1	-1	-1	0	1	1	1	1	1	1
210	B	-1	1	1	1	1	1	1	1	1	1	1	1
210	C	1	1	-1	1	1	-1	1	-1	1	1	1	1
210	D	1	1	1	1	1	1	1	1	1	1	1	1
210	E	1	1	1	1	1	1	1	1	1	1	1	-1
210	F	1	1	1	1	1	1	1	1	1	1	1	1
210	G	-1	1	-1	1	1	1	1	1	1	1	1	1
210	H	1	1	1	1	1	1	1	1	-1	-1	1	1
213	A	1	-1	1	1	1	1	1	1	1	1	1	1
213	B	1	-1	1	1	1	1	1	1	1	1	1	1
213	C	1	1	1	-1	1	1	1	1	0	1	1	1
213	D	1	1	1	1	-1	0	1	0	1	1	1	1
213	E	1	1	0	1	-1	1	1	1	0	0	0	-1
213	F	1	-1	1	1	-1	1	0	1	1	1	0	1
213	G	1	1	1	1	-1	0	1	-1	1	0	1	0
213	H	1	1	1	1	1	1	0	1	1	0	0	1
353	A	-1	-1	1	-1	-1	-1	-1	-1	1	1	1	1
353	B	-1	-1	1	1	0	-1	1	-1	1	-1	1	1
353	C	-1	1	1	-1	-1	-1	-1	1	1	-1	1	1
353	D	-1	1	1	-1	-1	1	-1	1	1	1	0	1
353	E	1	-1	-1	-1	-1	-1	-1	1	1	1	1	-1
353	F	-1	-1	-1	1	-1	0	-1	1	1	1	1	1
353	G	1	-1	1	-1	-1	-1	-1	0	1	1	1	1
353	H	1	-1	-1	1	-1	-1	-1	-1	1	-1	1	-1
354	A	1	1	1	1	1	-1	1	1	1	1	1	1
354	B	1	1	1	1	1	-1	1	1	-1	1	1	-1
354	C	1	-1	-1	-1	1	1	1	1	-1	1	1	1
354	D	1	1	1	1	1	1	-1	1	1	1	1	1
354	E	-1	-1	1	1	1	1	-1	1	-1	1	1	1
354	F	1	-1	1	1	1	-1	1	1	1	1	1	1
354	G	-1	1	1	1	1	1	1	1	1	1	1	-1
354	H	1	1	1	1	-1	1	1	1	1	1	1	-1
355	A	1	1	-1	1	1	1	1	-1	1	-1	-1	1
355	B	1	-1	1	1	1	1	1	1	-1	1	-1	1
355	C	-1	1	1	1	1	1	1	1	1	1	1	1
355	D	1	-1	-1	-1	1	1	-1	1	1	0	-1	1
355	E	1	1	1	-1	1	1	1	1	1	1	1	1
355	F	1	-1	1	1	-1	1	1	1	1	1	-1	-1
355	G	1	1	1	1	1	1	1	1	1	1	1	1
355	H	-1	1	1	1	1	1	-1	-1	1	1	0	1
356	A	1	-1	1	0	1	1	1	1	-1	-1	-1	-1
356	B	1	-1	1	1	0	1	1	-1	-1	1	1	1
356	C	1	-1	1	0	1	1	1	-1	1	1	-1	1
356	D	1	-1	-1	1	-1	-1	-1	-1	1	1	1	1
356	E	1	-1	1	-1	-1	1	1	1	1	1	1	-1
356	F	1	-1	-1	1	1	1	1	-1	-1	1	1	-1
356	G	1	-1	-1	1	-1	-1	1	1	-1	1	1	1
356	H	1	1	1	1	-1	1	1	1	1	-1	1	1
357	A	1	-1	-1	1	1	-1	1	1	1	1	1	-1
357	B	1	1	1	0	1	1	1	1	1	1	1	-1
357	C	1	1	-1	1	1	-1	-1	1	1	1	-1	1
357	D	1	1	1	1	1	-1	-1	1	1	1	1	1
357	E	1	-1	-1	1	1	-1	1	-1	-1	1	-1	1
357	F	1	1	1	1	1	1	1	1	1	1	1	1
357	G	1	-1	1	1	1	-1	1	1	1	-1	1	1
357	H	1	1	1	1	1	1	-1	1	1	1	1	1
358	A	1	1	1	1	1	1	1	-1	1	1	1	1
358	B	-1	1	1	1	1	1	1	-1	1	1	1	-1
358	C	1	1	1	1	1	1	1	1	1	1	1	1
358	D	1	1	1	1	1	1	1	1	1	1	1	1
358	E	1	1	0	1	1	1	1	1	0	1	1	1
358	F	1	-1	1	-1	1	-1	-1	1	-1	1	1	1
358	G	-1	1	-1	1	-1	1	0	1	1	1	1	1
358	H	-1	1	-1	1	-1	1	1	-1	1	1	1	1
359	A	1	1	1	-1	1	1	1	1	1	1	1	1
359	B	1	-1	-1	1	1	-1	-1	0	1	1	1	1
359	C	1	1	1	1	-1	1	-1	1	1	1	-1	-1
359	D	1	1	1	-1	1	1	1	1	1	1	1	1
359	E	-1	1	1	1	1	1	1	1	1	1	1	-1
359	F	1	1	1	1	-1	1	1	-1	1	1	1	1
359	G	1	1	1	1	1	1	1	1	1	1	1	1
359	H	1	1	1	1	1	1	-1	1	1	1	1	1
360	A	1	1	1	0	1	1	1	1	1	1	1	-1
360	B	1	1	1	1	1	-1	1	1	1	1	-1	1
360	C	1	1	1	1	1	1	-1	1	1	1	1	1
360	D	1	1	1	1	1	1	1	1	1	1	1	1
360	E	1	1	1	1	0	1	1	1	1	1	1	1
360	F	0	1	1	1	1	1	1	1	1	1	1	1
360	G	-1	1	1	1	1	1	0	0	1	1	1	0
360	H	1	1	1	1	1	1	1	1	1	1	1	1
361	A	1	1	1	1	1	1	1	1	1	1	-1	1
361	B	1	1	1	1	1	1	1	1	1	1	1	1
361	C	1	1	1	1	1	1	1	1	1	1	1	1
361	D	1	1	0	-1	1	1	1	1	1	1	1	1
361	E	1	1	1	1	1	0	1	1	1	1	1	1
361	F	1	1	1	1	1	1	1	-1	1	1	0	1
361	G	1	1	1	1	1	1	1	1	1	1	1	1
361	H	1	1	0	1	1	1	0	1	1	1	1	1
362	A	1	1	1	1	1	1	1	1	1	1	-1	1
362	B	1	1	1	1	1	1	1	1	1	-1	1	1
362	C	1	1	1	1	-1	1	1	1	1	1	1	1
362	D	1	1	1	1	1	-1	1	1	1	1	1	1
362	E	1	1	1	1	1	1	1	1	1	1	1	1
362	F	1	1	-1	1	1	1	1	1	1	1	0	1
362	G	1	-1	1	1	1	1	-1	1	1	1	1	1
362	H	1	1	1	1	1	1	1	1	1	1	1	1
363	A	1	1	1	1	1	1	1	1	1	1	1	-1
363	B	1	1	1	-1	1	1	1	1	1	1	1	1
363	C	1	1	1	1	-1	1	1	1	-1	1	1	1
363	D	1	1	1	1	1	1	1	1	0	1	1	1
363	E	1	1	1	1	1	1	1	1	-1	1	1	1
363	F	1	1	1	1	1	1	1	1	1	1	1	1
363	G	1	1	1	1	1	1	1	1	1	1	1	1
363	H	1	1	1	1	-1	1	1	-1	1	1	1	1
364	A	1	1	0	1	1	1	0	0	1	1	1	-1
364	B	1	1	1	1	1	1	1	1	1	1	1	1
364	C	1	1	1	0	1	1	1	1	1	1	1	1
364	D	1	1	1	1	1	1	1	-1	0	1	1	1
364	E	1	1	1	1	1	1	1	1	-1	1	1	1
364	F	1	0	1	1	1	1	-1	1	1	1	1	1
364	G	1	1	1	1	-1	1	-1	1	1	1	1	-1
364	H	1	1	1	1	1	1	1	-1	1	1	1	1
380	A	1	1	1	1	1	1	1	1	1	1	1	1
380	B	1	1	1	1	1	1	1	1	1	1	1	1
380	C	1	1	1	1	0	1	1	1	1	1	1	1
380	D	1	1	1	1	1	1	-1	1	1	1	1	1
380	E	1	1	1	1	1	1	1	1	1	1	1	0
380	F	1	0	1	1	1	1	1	1	0	1	1	-1
380	G	1	1	1	1	1	1	1	1	1	1	0	1
380	H	1	1	1	1	1	1	1	1	1	1	1	1
1	A	0	-1	-1	-1	-1	-1	-1	-1	-1	-1	0	-1
1	B	-1	-1	-1	-1	-1	-1	-1	-1	-1	-1	-1	-1
1	C	-1	-1	-1	-1	-1	0	-1	-1	-1	-1	-1	-1
1	D	-1	-1	-1	-1	-1	-1	-1	-1	-1	-1	-1	-1
1	E	-1	-1	-1	-1	-1	-1	-1	-1	-1	-1	-1	-1
1	F	-1	0	-1	-1	-1	-1	-1	-1	-1	-1	-1	-1
1	G	-1	0	-1	-1	-1	-1	-1	-1	0	-1	-1	-1
1	H	-1	-1	-1	-1	-1	-1	-1	-1	-1	-1	-1	-1
3	A	-1	-1	-1	0	1	-1	-1	-1	-1	-1	-1	0
3	B	-1	-1	-1	0	-1	-1	-1	-1	-1	-1	-1	-1
3	C	-1	-1	-1	-1	-1	-1	-1	-1	-1	-1	-1	-1
3	D	-1	-1	-1	-1	-1	-1	-1	-1	0	0	0	0
3	E	-1	-1	-1	-1	-1	-1	-1	-1	-1	-1	-1	-1
3	F	-1	-1	-1	-1	-1	-1	-1	-1	-1	-1	-1	-1
3	G	-1	-1	-1	-1	-1	-1	-1	-1	-1	-1	-1	-1
3	H	-1	-1	-1	-1	-1	-1	-1	-1	-1	-1	-1	0
4	A	-1	-1	-1	-1	-1	-1	-1	-1	-1	-1	-1	-1
4	B	-1	-1	-1	-1	-1	-1	-1	-1	-1	-1	-1	-1
4	C	-1	-1	-1	-1	-1	-1	-1	-1	-1	-1	-1	-1
4	D	-1	-1	-1	-1	-1	-1	-1	-1	-1	0	-1	0
4	E	-1	-1	-1	-1	-1	-1	-1	-1	-1	-1	-1	-1
4	F	-1	-1	-1	-1	-1	-1	-1	-1	-1	-1	-1	-1
4	G	-1	-1	-1	-1	-1	-1	-1	-1	-1	-1	-1	-1
4	H	-1	-1	-1	-1	-1	-1	-1	-1	-1	-1	-1	-1
5	A	-1	-1	-1	-1	-1	-1	-1	-1	-1	-1	-1	-1
5	B	-1	-1	-1	-1	-1	-1	-1	-1	-1	-1	-1	-1
5	C	-1	-1	-1	-1	-1	-1	-1	-1	-1	-1	-1	-1
5	D	-1	-1	-1	-1	-1	-1	-1	0	-1	-1	-1	-1
5	E	-1	-1	-1	-1	-1	-1	-1	-1	-1	-1	-1	-1
5	F	-1	-1	-1	-1	-1	-1	-1	-1	-1	-1	-1	-1
5	G	-1	0	-1	-1	-1	-1	-1	-1	-1	-1	0	-1
5	H	-1	-1	-1	-1	-1	-1	-1	0	-1	-1	-1	0
6	A	-1	-1	-1	0	-1	-1	-1	-1	-1	-1	-1	-1
6	B	-1	-1	-1	-1	-1	-1	-1	-1	-1	-1	-1	-1
6	C	-1	-1	-1	-1	-1	-1	-1	-1	-1	-1	-1	-1
6	D	-1	-1	-1	-1	-1	-1	-1	-1	-1	-1	-1	-1
6	E	-1	-1	-1	-1	-1	-1	-1	-1	-1	-1	-1	-1
6	F	-1	-1	-1	-1	-1	-1	-1	-1	-1	-1	-1	-1
6	G	-1	-1	-1	-1	-1	-1	0	0	-1	-1	-1	-1
6	H	-1	-1	-1	-1	-1	-1	-1	-1	-1	-1	-1	-1
11	A	0	1	-1	1	-1	-1	1	-1	-1	1	1	1
11	B	1	1	1	1	1	-1	1	1	-1	0	1	-1
11	C	1	1	-1	1	1	1	1	0	0	1	0	1
11	D	1	1	1	1	0	1	1	1	1	1	1	1
11	E	1	1	1	1	1	1	1	1	1	1	1	-1
11	F	1	1	1	1	1	1	1	1	1	1	1	1
11	G	1	1	1	0	1	1	1	-1	1	-1	1	1
11	H	-1	1	1	1	1	1	1	0	1	1	1	1
16	A	1	1	1	1	1	1	1	1	1	1	1	-1
16	B	1	1	1	1	-1	-1	1	1	1	1	1	1
16	C	1	-1	1	0	1	1	1	0	1	1	1	-1
16	D	1	1	1	1	1	1	1	1	1	1	1	1
16	E	1	0	1	1	1	1	1	-1	1	1	1	1
16	F	-1	1	1	1	1	1	1	1	1	1	1	1
16	G	1	1	1	1	1	1	1	1	1	1	1	1
16	H	1	-1	1	1	1	1	1	1	1	-1	1	1
20	A	1	1	1	1	0	1	1	1	1	1	1	1
20	B	1	1	1	1	1	1	1	1	1	1	1	0
20	C	1	1	1	1	1	1	1	1	1	1	1	1
20	D	1	1	1	1	1	1	1	1	1	-1	0	1
20	E	1	1	1	1	1	1	1	1	1	1	1	1
20	F	1	1	1	1	1	1	1	1	1	1	1	1
20	G	1	1	1	1	1	1	1	1	1	1	1	1
20	H	1	1	1	1	1	1	1	0	1	1	1	0
21	A	1	1	0	1	1	1	0	1	1	1	1	1
21	B	1	1	1	1	1	1	1	1	1	1	1	1
21	C	1	1	1	1	1	1	1	1	1	1	1	1
21	D	0	1	1	1	1	1	1	1	1	1	1	1
21	E	-1	1	1	1	1	1	1	0	1	1	1	1
21	F	1	1	1	1	1	1	0	1	1	1	1	1
21	G	1	1	0	1	1	1	1	1	1	1	1	1
21	H	1	1	1	1	1	1	1	1	1	1	1	1
22	A	1	1	1	0	1	1	1	1	1	1	1	1
22	B	1	1	1	1	1	1	0	1	1	1	1	0
22	C	1	1	-1	0	1	1	1	1	1	1	1	1
22	D	1	1	1	1	1	1	1	1	0	1	1	1
22	E	1	1	1	1	1	1	1	1	0	1	1	1
22	F	1	1	1	1	0	1	1	1	1	1	0	1
22	G	1	1	1	1	1	1	1	0	1	0	1	1
22	H	1	1	1	1	1	1	1	1	0	0	1	1
26	A	1	1	1	1	1	1	1	1	1	1	1	1
26	B	1	1	1	1	1	1	1	1	1	1	1	1
26	C	1	1	1	1	1	1	1	1	1	1	1	1
26	D	1	1	1	1	1	1	1	1	1	1	1	1
26	E	1	1	1	1	1	1	1	1	1	1	1	1
26	F	1	1	1	1	0	1	1	1	1	1	1	1
26	G	1	1	1	1	1	1	0	1	1	1	1	1
26	H	1	1	1	1	1	1	0	0	1	1	1	1
27	A	1	1	1	1	1	1	1	1	1	1	1	1
27	B	1	1	1	1	1	1	1	1	1	1	1	1
27	C	1	1	1	1	1	1	1	1	1	1	1	1
27	D	1	1	1	1	1	1	1	1	0	1	1	1
27	E	1	1	1	1	1	0	1	0	1	1	1	1
27	F	1	0	1	1	1	1	1	1	1	1	1	1
27	G	1	1	1	1	1	0	1	1	1	1	1	1
27	H	1	1	1	1	1	1	1	1	1	1	1	1
28	A	0	1	1	0	1	1	1	1	1	1	1	1
28	B	1	1	1	1	1	1	1	1	1	1	1	1
28	C	1	1	1	1	1	1	1	1	1	1	1	1
28	D	0	1	1	1	1	1	1	1	-1	1	1	1
28	E	1	1	1	1	1	0	1	1	1	1	0	1
28	F	1	1	1	1	1	1	1	1	1	1	1	1
28	G	1	1	1	1	1	1	1	1	1	0	1	0
28	H	1	1	1	1	1	1	1	1	1	1	1	1
31	A	1	1	1	1	1	1	1	0	1	1	1	1
31	B	0	1	1	1	1	1	1	1	1	1	1	1
31	C	1	1	1	1	1	1	1	1	1	0	1	1
31	D	0	1	1	1	1	1	1	1	1	1	0	1
31	E	1	1	1	1	1	1	1	1	1	1	0	1
31	F	1	1	1	1	1	1	1	1	-1	1	1	1
31	G	1	0	1	1	1	1	1	1	1	1	1	1
31	H	1	1	1	1	1	1	1	1	1	1	1	1
32	A	1	1	1	1	1	1	1	1	1	1	1	1
32	B	1	1	1	1	1	1	1	1	1	1	1	1
32	C	1	1	1	1	1	1	1	1	1	1	1	1
32	D	1	1	1	1	1	1	1	1	1	0	1	1
32	E	1	1	0	1	1	1	1	1	1	1	1	1
32	F	1	1	1	1	1	1	1	1	1	1	1	1
32	G	1	1	1	1	1	1	1	1	1	1	1	1
32	H	1	1	1	1	1	1	1	1	1	1	1	1
190	A	1	1	1	-1	-1	-1	-1	1	1	-1	-1	-1
190	B	1	0	1	-1	-1	-1	1	1	-1	-1	-1	1
190	C	-1	1	1	1	1	1	1	-1	-1	-1	1	-1
190	D	1	1	1	-1	-1	-1	-1	-1	1	-1	1	-1
190	E	1	1	1	1	-1	1	1	-1	-1	-1	-1	-1
190	F	1	1	-1	-1	-1	1	-1	-1	1	-1	-1	-1
190	G	-1	1	-1	1	1	-1	-1	-1	-1	1	1	-1
190	H	1	-1	-1	1	-1	-1	1	-1	1	-1	-1	-1